0       23962.785156
1       23962.785156
2       22715.255859
3       21940.164062
4       21940.164062
5       21873.494141
6       20878.322266
7       19793.529297
8       18924.066406
9       18797.330078
10      17989.433594
11      17432.447266
12      17340.208984
13      17120.679688
14      15986.317383
15      15986.317383
16      15410.428711
17      15164.168945
18      14689.249023
19      14300.446289
20      14268.848633
21      13868.303711
22      13757.182617
23      13376.352539
24      13354.764648
25      13101.974609
26      12735.714844
27      12607.808594
28      12535.529297
29      12299.749023
30      12230.375000
31      12056.647461
32      11991.811523
33      11741.597656
34      11592.837891
35      11592.837891
36      11579.536133
37      11371.249023
38      11137.011719
39      11124.341797
40      11066.303711
41      11066.303711
42      11066.303711
43      11066.303711
44      11066.303711
45      11066.303711
46      11016.498047
47      11016.498047
48      11016.498047
49      11016.498047
50      11016.498047
51      11016.498047
52      11016.498047
53      11016.498047
54      11016.498047
55      11016.498047
56      11016.498047
57      11016.498047
58      11016.498047
59      11016.498047
60      11016.498047
61      11016.498047
62      11016.498047
63      11016.498047
64      11016.498047
65      11016.498047
66      11016.498047
67      11016.498047
68      11016.498047
69      11016.498047
70      11016.498047
71      11016.498047
72      11016.498047
73      11016.498047
74      11016.498047
75      11016.498047
76      11016.498047
77      11016.498047
78      11016.498047
79      11016.498047
80      11016.498047
81      11016.498047
82      11016.498047
83      11016.498047
84      11016.498047
85      11016.498047
86      11016.498047
87      11016.498047
88      11016.498047
89      11016.498047
90      11016.498047
91      11016.498047
92      11016.498047
93      11016.498047
94      11016.498047
95      11016.498047
96      11016.498047
97      11016.498047
98      11016.498047
99      11016.498047
100     11016.498047
101     11016.498047
102     11016.498047
103     11016.498047
104     11016.498047
105     11016.498047
106     11016.498047
107     11016.498047
108     11016.498047
109     11016.498047
110     11016.498047
111     11016.498047
112     11016.498047
113     11016.498047
114     11016.498047
115     11016.498047
116     11016.498047
117     11016.498047
118     11016.498047
119     11016.498047
120     11016.498047
121     11016.498047
122     11016.498047
123     11016.498047
124     11016.498047
125     11016.498047
126     11016.498047
127     11016.498047
128     11016.498047
129     11016.498047
130     11016.498047
131     11016.498047
132     11016.498047
133     11016.498047
134     11016.498047
135     11016.498047
136     11016.498047
137     11016.498047
138     11016.498047
139     11016.498047
140     11016.498047
141     11016.498047
142     11016.498047
143     11016.498047
144     11016.498047
145     11016.498047
146     11016.498047
147     11016.498047
148     11016.498047
149     11016.498047
150     11016.498047
151     11016.498047
152     11016.498047
153     11016.498047
154     11016.498047
155     11016.498047
156     11016.498047
157     11016.498047
158     11016.498047
159     11016.498047
160     11016.498047
161     11016.498047
162     11016.498047
163     11016.498047
164     11016.498047
165     11016.498047
166     11016.498047
167     11016.498047
168     11016.498047
169     11016.498047
170     11016.498047
171     11016.498047
172     11016.498047
173     11016.498047
174     11016.498047
175     11016.498047
176     11016.498047
177     11016.498047
178     11016.498047
179     11016.498047
180     11016.498047
181     11016.498047
182     11016.498047
183     11016.498047
184     11016.498047
185     11016.498047
186     11016.498047
187     11016.498047
188     11016.498047
189     11016.498047
190     11016.498047
191     11016.498047
192     11016.498047
193     11016.498047
194     11016.498047
195     11016.498047
196     11016.498047
197     11016.498047
198     11016.498047
199     11016.498047
200     11016.498047
201     11218.291992
202     10842.506836
203     10842.506836
204     10842.506836
205     10842.506836
206     10842.506836
207     10842.506836
208     10842.506836
209     10842.506836
210     10842.506836
211     10842.506836
212     10842.506836
213     10842.506836
214     10842.506836
215     10842.506836
216     10842.506836
217     10842.506836
218     10842.506836
219     10842.506836
220     10842.506836
221     10842.506836
222     10842.506836
223     10842.506836
224     10842.506836
225     10842.506836
226     10842.506836
227     10842.506836
228     10842.506836
229     10842.506836
230     10842.506836
231     10842.506836
232     10842.506836
233     10842.506836
234     10842.506836
235     10842.506836
236     10842.506836
237     10842.506836
238     10842.506836
239     10842.506836
240     10842.506836
241     10842.506836
242     10842.506836
243     10842.506836
244     10842.506836
245     10842.506836
246     10842.506836
247     10842.506836
248     10842.506836
249     10842.506836
250     10842.506836
251     10842.506836
252     10842.506836
253     10842.506836
254     10842.506836
255     10842.506836
256     10842.506836
257     10842.506836
258     10842.506836
259     10842.506836
260     10842.506836
261     10842.506836
262     10842.506836
263     10842.506836
264     10842.506836
265     10842.506836
266     10842.506836
267     10842.506836
268     10842.506836
269     10842.506836
270     10842.506836
271     10842.506836
272     10842.506836
273     10842.506836
274     10842.506836
275     10842.506836
276     10842.506836
277     10842.506836
278     10842.506836
279     10842.506836
280     10842.506836
281     10842.506836
282     10842.506836
283     10842.506836
284     10842.506836
285     10842.506836
286     10842.506836
287     10842.506836
288     10842.506836
289     10842.506836
290     10842.506836
291     10842.506836
292     10842.506836
293     10842.506836
294     10842.506836
295     10842.506836
296     10842.506836
297     10842.506836
298     10842.506836
299     10842.506836
300     10842.506836
301     10842.506836
302     10842.506836
303     10842.506836
304     10842.506836
305     10842.506836
306     10842.506836
307     10842.506836
308     10842.506836
309     10842.506836
310     10842.506836
311     10842.506836
312     10842.506836
313     10842.506836
314     10842.506836
315     10842.506836
316     10842.506836
317     10842.506836
318     10842.506836
319     10842.506836
320     10842.506836
321     10842.506836
322     10842.506836
323     10842.506836
324     10842.506836
325     10842.506836
326     10842.506836
327     10842.506836
328     10842.506836
329     10842.506836
330     10842.506836
331     10842.506836
332     10842.506836
333     10842.506836
334     10842.506836
335     10842.506836
336     10842.506836
337     10842.506836
338     10842.506836
339     10842.506836
340     10842.506836
341     10842.506836
342     10842.506836
343     10842.506836
344     10842.506836
345     10842.506836
346     10842.506836
347     10842.506836
348     10842.506836
349     10842.506836
350     10842.506836
351     10842.506836
352     10842.506836
353     10842.506836
354     10842.506836
355     10842.506836
356     10842.506836
357     10842.506836
358     10842.506836
359     10842.506836
360     10842.506836
361     10842.506836
362     10842.506836
363     10842.506836
364     10842.506836
365     10842.506836
366     10842.506836
367     10842.506836
368     10842.506836
369     10842.506836
370     10842.506836
371     10842.506836
372     10842.506836
373     10842.506836
374     10842.506836
375     10842.506836
376     10842.506836
377     10842.506836
378     10842.506836
379     10842.506836
380     10842.506836
381     10842.506836
382     10842.506836
383     10842.506836
384     10842.506836
385     10842.506836
386     10842.506836
387     10842.506836
388     10842.506836
389     10842.506836
390     10842.506836
391     10842.506836
392     10842.506836
393     10842.506836
394     10842.506836
395     10842.506836
396     10842.506836
397     10842.506836
398     10842.506836
399     10842.506836
400     10842.506836
401     11217.995117
402     11059.045898
403     10838.731445
404     10829.692383
405     10829.692383
406     10829.692383
407     10829.692383
408     10829.692383
409     10829.692383
410     10829.692383
411     10829.692383
412     10829.692383
413     10829.692383
414     10829.692383
415     10829.692383
416     10829.692383
417     10829.692383
418     10829.692383
419     10829.692383
420     10829.692383
421     10829.692383
422     10829.692383
423     10829.692383
424     10829.692383
425     10829.692383
426     10829.692383
427     10829.692383
428     10829.692383
429     10829.692383
430     10829.692383
431     10829.692383
432     10829.692383
433     10829.692383
434     10829.692383
435     10829.692383
436     10829.692383
437     10829.692383
438     10829.692383
439     10829.692383
440     10829.692383
441     10829.692383
442     10829.692383
443     10829.692383
444     10829.692383
445     10829.692383
446     10829.692383
447     10829.692383
448     10829.692383
449     10829.692383
450     10829.692383
451     10829.692383
452     10829.692383
453     10829.692383
454     10829.692383
455     10829.692383
456     10829.692383
457     10829.692383
458     10829.692383
459     10829.692383
460     10829.692383
461     10829.692383
462     10829.692383
463     10829.692383
464     10829.692383
465     10829.692383
466     10829.692383
467     10829.692383
468     10829.692383
469     10829.692383
470     10829.692383
471     10829.692383
472     10829.692383
473     10829.692383
474     10829.692383
475     10829.692383
476     10829.692383
477     10829.692383
478     10829.692383
479     10829.692383
480     10829.692383
481     10829.692383
482     10829.692383
483     10829.692383
484     10829.692383
485     10829.692383
486     10829.692383
487     10829.692383
488     10829.692383
489     10829.692383
490     10829.692383
491     10829.692383
492     10829.692383
493     10829.692383
494     10829.692383
495     10829.692383
496     10829.692383
497     10829.692383
498     10829.692383
499     10829.692383
500     10829.692383
501     10829.692383
502     10829.692383
503     10829.692383
504     10829.692383
505     10829.692383
506     10829.692383
507     10829.692383
508     10829.692383
509     10829.692383
510     10829.692383
511     10829.692383
512     10829.692383
513     10829.692383
514     10829.692383
515     10829.692383
516     10829.692383
517     10829.692383
518     10829.692383
519     10829.692383
520     10829.692383
521     10829.692383
522     10829.692383
523     10829.692383
524     10829.692383
525     10829.692383
526     10829.692383
527     10829.692383
528     10829.692383
529     10829.692383
530     10829.692383
531     10829.692383
532     10829.692383
533     10829.692383
534     10829.692383
535     10829.692383
536     10829.692383
537     10829.692383
538     10829.692383
539     10829.692383
540     10829.692383
541     10829.692383
542     10829.692383
543     10829.692383
544     10829.692383
545     10829.692383
546     10829.692383
547     10829.692383
548     10829.692383
549     10829.692383
550     10829.692383
551     10829.692383
552     10829.692383
553     10829.692383
554     10829.692383
555     10829.692383
556     10829.692383
557     10829.692383
558     10829.692383
559     10829.692383
560     10829.692383
561     10829.692383
562     10829.692383
563     10829.692383
564     10829.692383
565     10829.692383
566     10829.692383
567     10829.692383
568     10829.692383
569     10829.692383
570     10829.692383
571     10829.692383
572     10829.692383
573     10829.692383
574     10829.692383
575     10829.692383
576     10829.692383
577     10829.692383
578     10829.692383
579     10829.692383
580     10829.692383
581     10829.692383
582     10829.692383
583     10829.692383
584     10829.692383
585     10829.692383
586     10829.692383
587     10829.692383
588     10829.692383
589     10829.692383
590     10829.692383
591     10829.692383
592     10829.692383
593     10829.692383
594     10829.692383
595     10829.692383
596     10829.692383
597     10829.692383
598     10829.692383
599     10829.692383
600     10829.692383
601     11145.400391
602     10753.258789
603     10753.258789
604     10753.258789
605     10753.258789
606     10753.258789
607     10753.258789
608     10753.258789
609     10753.258789
610     10753.258789
611     10753.258789
612     10753.258789
613     10753.258789
614     10753.258789
615     10753.258789
616     10753.258789
617     10753.258789
618     10753.258789
619     10753.258789
620     10753.258789
621     10753.258789
622     10753.258789
623     10753.258789
624     10753.258789
625     10753.258789
626     10753.258789
627     10753.258789
628     10753.258789
629     10753.258789
630     10753.258789
631     10753.258789
632     10753.258789
633     10753.258789
634     10753.258789
635     10753.258789
636     10753.258789
637     10753.258789
638     10753.258789
639     10753.258789
640     10753.258789
641     10753.258789
642     10753.258789
643     10753.258789
644     10753.258789
645     10753.258789
646     10753.258789
647     10753.258789
648     10753.258789
649     10753.258789
650     10753.258789
651     10753.258789
652     10753.258789
653     10753.258789
654     10753.258789
655     10753.258789
656     10753.258789
657     10753.258789
658     10753.258789
659     10753.258789
660     10753.258789
661     10753.258789
662     10753.258789
663     10753.258789
664     10753.258789
665     10753.258789
666     10753.258789
667     10753.258789
668     10753.258789
669     10753.258789
670     10753.258789
671     10753.258789
672     10753.258789
673     10753.258789
674     10753.258789
675     10753.258789
676     10753.258789
677     10753.258789
678     10753.258789
679     10753.258789
680     10753.258789
681     10753.258789
682     10753.258789
683     10753.258789
684     10753.258789
685     10753.258789
686     10753.258789
687     10753.258789
688     10753.258789
689     10753.258789
690     10753.258789
691     10753.258789
692     10753.258789
693     10753.258789
694     10753.258789
695     10753.258789
696     10753.258789
697     10753.258789
698     10753.258789
699     10753.258789
700     10753.258789
701     10753.258789
702     10753.258789
703     10753.258789
704     10753.258789
705     10753.258789
706     10753.258789
707     10753.258789
708     10753.258789
709     10753.258789
710     10753.258789
711     10753.258789
712     10753.258789
713     10753.258789
714     10753.258789
715     10753.258789
716     10753.258789
717     10753.258789
718     10753.258789
719     10753.258789
720     10753.258789
721     10753.258789
722     10753.258789
723     10753.258789
724     10753.258789
725     10753.258789
726     10753.258789
727     10753.258789
728     10753.258789
729     10753.258789
730     10753.258789
731     10753.258789
732     10753.258789
733     10753.258789
734     10753.258789
735     10753.258789
736     10753.258789
737     10753.258789
738     10753.258789
739     10753.258789
740     10753.258789
741     10753.258789
742     10753.258789
743     10753.258789
744     10753.258789
745     10753.258789
746     10753.258789
747     10753.258789
748     10753.258789
749     10753.258789
750     10753.258789
751     10753.258789
752     10753.258789
753     10753.258789
754     10753.258789
755     10753.258789
756     10753.258789
757     10753.258789
758     10753.258789
759     10753.258789
760     10753.258789
761     10753.258789
762     10753.258789
763     10753.258789
764     10753.258789
765     10753.258789
766     10753.258789
767     10753.258789
768     10753.258789
769     10753.258789
770     10753.258789
771     10753.258789
772     10753.258789
773     10753.258789
774     10753.258789
775     10753.258789
776     10753.258789
777     10753.258789
778     10753.258789
779     10753.258789
780     10753.258789
781     10753.258789
782     10753.258789
783     10753.258789
784     10753.258789
785     10753.258789
786     10753.258789
787     10753.258789
788     10753.258789
789     10753.258789
790     10753.258789
791     10753.258789
792     10753.258789
793     10753.258789
794     10753.258789
795     10753.258789
796     10753.258789
797     10753.258789
798     10753.258789
799     10753.258789
800     10753.258789
801     11145.400391
802     10753.354492
803     10753.354492
804     10753.354492
805     10753.354492
806     10753.354492
807     10753.354492
808     10625.202148
809     10625.202148
810     10623.420898
811     10623.420898
812     10623.420898
813     10623.420898
814     10623.420898
815     10623.420898
816     10623.420898
817     10623.420898
818     10623.420898
819     10623.420898
820     10623.420898
821     10623.420898
822     10623.420898
823     10623.420898
824     10623.420898
825     10623.420898
826     10623.420898
827     10623.420898
828     10623.420898
829     10623.420898
830     10623.420898
831     10623.420898
832     10623.420898
833     10623.420898
834     10623.420898
835     10623.420898
836     10623.420898
837     10623.420898
838     10623.420898
839     10623.420898
840     10623.420898
841     10623.420898
842     10623.420898
843     10623.420898
844     10623.420898
845     10623.420898
846     10623.420898
847     10623.420898
848     10623.420898
849     10623.420898
850     10623.420898
851     10623.420898
852     10623.420898
853     10623.420898
854     10623.420898
855     10623.420898
856     10623.420898
857     10623.420898
858     10623.420898
859     10623.420898
860     10623.420898
861     10623.420898
862     10623.420898
863     10623.420898
864     10623.420898
865     10623.420898
866     10623.420898
867     10623.420898
868     10623.420898
869     10623.420898
870     10623.420898
871     10623.420898
872     10623.420898
873     10623.420898
874     10623.420898
875     10623.420898
876     10623.420898
877     10623.420898
878     10623.420898
879     10623.420898
880     10623.420898
881     10623.420898
882     10623.420898
883     10623.420898
884     10623.420898
885     10623.420898
886     10623.420898
887     10623.420898
888     10623.420898
889     10623.420898
890     10623.420898
891     10623.420898
892     10623.420898
893     10623.420898
894     10623.420898
895     10623.420898
896     10623.420898
897     10623.420898
898     10623.420898
899     10623.420898
900     10623.420898
901     10623.420898
902     10623.420898
903     10623.420898
904     10623.420898
905     10623.420898
906     10623.420898
907     10623.420898
908     10623.420898
909     10623.420898
910     10623.420898
911     10623.420898
912     10623.420898
913     10623.420898
914     10623.420898
915     10623.420898
916     10623.420898
917     10623.420898
918     10623.420898
919     10623.420898
920     10623.420898
921     10623.420898
922     10623.420898
923     10623.420898
924     10623.420898
925     10623.420898
926     10623.420898
927     10623.420898
928     10623.420898
929     10623.420898
930     10623.420898
931     10623.420898
932     10623.420898
933     10623.420898
934     10623.420898
935     10623.420898
936     10623.420898
937     10623.420898
938     10623.420898
939     10623.420898
940     10623.420898
941     10623.420898
942     10623.420898
943     10623.420898
944     10623.420898
945     10623.420898
946     10623.420898
947     10623.420898
948     10623.420898
949     10623.420898
950     10623.420898
951     10623.420898
952     10623.420898
953     10623.420898
954     10623.420898
955     10623.420898
956     10623.420898
957     10623.420898
958     10623.420898
959     10623.420898
960     10623.420898
961     10623.420898
962     10623.420898
963     10623.420898
964     10623.420898
965     10623.420898
966     10623.420898
967     10623.420898
968     10623.420898
969     10623.420898
970     10623.420898
971     10623.420898
972     10623.420898
973     10623.420898
974     10623.420898
975     10623.420898
976     10623.420898
977     10623.420898
978     10623.420898
979     10623.420898
980     10623.420898
981     10623.420898
982     10623.420898
983     10623.420898
984     10623.420898
985     10623.420898
986     10623.420898
987     10623.420898
988     10623.420898
989     10623.420898
990     10623.420898
991     10623.420898
992     10623.420898
993     10623.420898
994     10623.420898
995     10623.420898
996     10623.420898
997     10623.420898
998     10623.420898
999     10623.420898
1000    10623.420898