0       23356.380859
1       23356.380859
2       22582.791016
3       21291.531250
4       20817.994141
5       19702.880859
6       19139.021484
7       18602.359375
8       17960.275391
9       17395.386719
10      17244.822266
11      16753.779297
12      16576.751953
13      16555.658203
14      15168.301758
15      15168.301758
16      15168.301758
17      14928.128906
18      14928.128906
19      14722.626953
20      14663.821289
21      14500.970703
22      14464.560547
23      14055.027344
24      13955.630859
25      13791.146484
26      13773.199219
27      13734.325195
28      13572.663086
29      13572.663086
30      13572.663086
31      13572.663086
32      13572.663086
33      13572.663086
34      13572.663086
35      13237.111328
36      13224.676758
37      13069.879883
38      13069.879883
39      12973.773438
40      12973.773438
41      12973.773438
42      12973.773438
43      12973.773438
44      12973.773438
45      12973.773438
46      12973.773438
47      12973.773438
48      12973.773438
49      12946.070312
50      12780.770508
51      12780.770508
52      12773.721680
53      12735.814453
54      12730.486328
55      12706.928711
56      12706.928711
57      12706.928711
58      12706.928711
59      12686.173828
60      12686.173828
61      12686.173828
62      12686.173828
63      12538.542969
64      12538.542969
65      12538.542969
66      12538.492188
67      12440.349609
68      12440.349609
69      12440.349609
70      12440.349609
71      12440.349609
72      12440.349609
73      12440.349609
74      12440.349609
75      12440.349609
76      12440.349609
77      12440.349609
78      12440.349609
79      12440.349609
80      12440.349609
81      12440.349609
82      12440.349609
83      12440.349609
84      12440.349609
85      12440.349609
86      12440.349609
87      12440.349609
88      12440.349609
89      12440.349609
90      12440.349609
91      12440.349609
92      12440.349609
93      12440.349609
94      12440.349609
95      12440.349609
96      12440.349609
97      12440.349609
98      12440.349609
99      12440.349609
100     12440.349609
101     12440.349609
102     12440.349609
103     12440.349609
104     12440.349609
105     12440.349609
106     12440.349609
107     12440.349609
108     12440.349609
109     12440.349609
110     12440.349609
111     12440.349609
112     12440.349609
113     12440.349609
114     12440.349609
115     12440.349609
116     12440.349609
117     12440.349609
118     12440.349609
119     12440.349609
120     12440.349609
121     12440.349609
122     12440.349609
123     12440.349609
124     12369.791016
125     12369.791016
126     12369.791016
127     12369.791016
128     12369.791016
129     12369.791016
130     12369.791016
131     12165.106445
132     12165.106445
133     12165.106445
134     12165.106445
135     12165.106445
136     12165.106445
137     12165.106445
138     12165.106445
139     12165.106445
140     12165.106445
141     12165.106445
142     12165.106445
143     12165.106445
144     12165.106445
145     12165.106445
146     12165.106445
147     12165.106445
148     12165.106445
149     12165.106445
150     12165.106445
151     12165.106445
152     12165.106445
153     12165.106445
154     12165.106445
155     12165.106445
156     12165.106445
157     12165.106445
158     12165.106445
159     12165.106445
160     12165.106445
161     12165.106445
162     12165.106445
163     12165.106445
164     12165.106445
165     12165.106445
166     12165.106445
167     12165.106445
168     12165.106445
169     12165.106445
170     12165.106445
171     12165.106445
172     12165.106445
173     12165.106445
174     12165.106445
175     12165.106445
176     12165.106445
177     12165.106445
178     12165.106445
179     12165.106445
180     12165.106445
181     12165.106445
182     12165.106445
183     12165.106445
184     12165.106445
185     12059.864258
186     12059.864258
187     12004.002930
188     12004.002930
189     12004.002930
190     12004.002930
191     12004.002930
192     12004.002930
193     12004.002930
194     12004.002930
195     12004.002930
196     12004.002930
197     12004.002930
198     12004.002930
199     12004.002930
200     12004.002930
201     11872.086914
202     11872.086914
203     11872.086914
204     11872.086914
205     11872.086914
206     11872.086914
207     11872.086914
208     11872.086914
209     11872.086914
210     11872.086914
211     11872.086914
212     11872.086914
213     11872.086914
214     11872.086914
215     11872.086914
216     11872.086914
217     11872.086914
218     11872.086914
219     11872.086914
220     11872.086914
221     11872.086914
222     11872.086914
223     11872.086914
224     11872.086914
225     11872.086914
226     11872.086914
227     11872.086914
228     11872.086914
229     11872.086914
230     11872.086914
231     11872.086914
232     11872.086914
233     11872.086914
234     11872.086914
235     11872.086914
236     11872.086914
237     11872.086914
238     11872.086914
239     11872.086914
240     11872.086914
241     11832.365234
242     11832.365234
243     11820.764648
244     11820.764648
245     11820.764648
246     11820.764648
247     11820.764648
248     11820.764648
249     11820.764648
250     11820.764648
251     11820.764648
252     11820.764648
253     11820.764648
254     11820.764648
255     11820.764648
256     11820.764648
257     11820.764648
258     11820.764648
259     11820.764648
260     11820.764648
261     11820.764648
262     11820.764648
263     11820.764648
264     11820.764648
265     11820.764648
266     11820.764648
267     11820.764648
268     11820.764648
269     11820.764648
270     11820.764648
271     11820.764648
272     11820.764648
273     11820.764648
274     11820.764648
275     11820.764648
276     11820.764648
277     11820.764648
278     11820.764648
279     11820.764648
280     11820.764648
281     11820.764648
282     11820.764648
283     11820.764648
284     11820.764648
285     11820.764648
286     11820.764648
287     11820.764648
288     11820.764648
289     11820.764648
290     11820.764648
291     11820.764648
292     11820.764648
293     11820.764648
294     11820.764648
295     11820.764648
296     11820.764648
297     11820.764648
298     11820.764648
299     11820.764648
300     11820.764648
301     11820.764648
302     11820.764648
303     11820.764648
304     11820.764648
305     11820.764648
306     11820.764648
307     11820.764648
308     11820.764648
309     11820.764648
310     11820.764648
311     11820.764648
312     11820.764648
313     11820.764648
314     11820.764648
315     11820.764648
316     11820.764648
317     11820.764648
318     11820.764648
319     11820.764648
320     11820.764648
321     11820.764648
322     11820.764648
323     11820.764648
324     11820.764648
325     11820.764648
326     11820.764648
327     11820.764648
328     11820.764648
329     11820.764648
330     11820.764648
331     11820.764648
332     11820.764648
333     11820.764648
334     11820.764648
335     11820.764648
336     11820.764648
337     11820.764648
338     11820.764648
339     11820.764648
340     11820.764648
341     11820.764648
342     11820.764648
343     11820.764648
344     11820.764648
345     11820.764648
346     11820.764648
347     11820.764648
348     11820.764648
349     11820.764648
350     11820.764648
351     11820.764648
352     11820.764648
353     11820.764648
354     11820.764648
355     11820.764648
356     11820.764648
357     11820.764648
358     11820.764648
359     11820.764648
360     11820.764648
361     11820.764648
362     11820.764648
363     11820.764648
364     11820.764648
365     11820.764648
366     11820.764648
367     11820.764648
368     11820.764648
369     11820.764648
370     11820.764648
371     11820.764648
372     11820.764648
373     11820.764648
374     11820.764648
375     11820.764648
376     11820.764648
377     11820.764648
378     11820.764648
379     11820.764648
380     11820.764648
381     11820.764648
382     11820.764648
383     11820.764648
384     11820.764648
385     11820.764648
386     11820.764648
387     11820.764648
388     11820.764648
389     11820.764648
390     11820.764648
391     11820.764648
392     11820.764648
393     11820.764648
394     11820.764648
395     11820.764648
396     11820.764648
397     11820.764648
398     11820.764648
399     11820.764648
400     11820.764648
401     11684.296875
402     11684.296875
403     11684.296875
404     11684.296875
405     11612.293945
406     11612.293945
407     11612.293945
408     11612.293945
409     11612.293945
410     11612.293945
411     11612.293945
412     11612.293945
413     11612.293945
414     11612.293945
415     11612.293945
416     11612.293945
417     11612.293945
418     11612.293945
419     11612.293945
420     11612.293945
421     11612.293945
422     11612.293945
423     11612.293945
424     11612.293945
425     11612.293945
426     11612.293945
427     11612.293945
428     11612.293945
429     11612.293945
430     11612.293945
431     11612.293945
432     11612.293945
433     11612.293945
434     11612.293945
435     11612.293945
436     11612.293945
437     11612.293945
438     11612.293945
439     11612.293945
440     11612.293945
441     11612.293945
442     11612.293945
443     11612.293945
444     11612.293945
445     11612.293945
446     11612.293945
447     11612.293945
448     11612.293945
449     11612.293945
450     11612.293945
451     11612.293945
452     11612.293945
453     11612.293945
454     11612.293945
455     11612.293945
456     11612.293945
457     11612.293945
458     11612.293945
459     11612.293945
460     11612.293945
461     11468.683594
462     11468.683594
463     11468.683594
464     11468.683594
465     11468.683594
466     11468.683594
467     11468.683594
468     11468.683594
469     11468.683594
470     11468.683594
471     11468.683594
472     11468.683594
473     11468.683594
474     11468.683594
475     11468.683594
476     11468.683594
477     11468.683594
478     11468.683594
479     11468.683594
480     11468.683594
481     11468.683594
482     11468.683594
483     11468.683594
484     11468.683594
485     11468.683594
486     11468.683594
487     11468.683594
488     11468.683594
489     11468.683594
490     11468.683594
491     11468.683594
492     11468.683594
493     11468.683594
494     11468.683594
495     11468.683594
496     11468.683594
497     11468.683594
498     11468.683594
499     11468.683594
500     11468.683594
501     11468.683594
502     11468.683594
503     11468.683594
504     11468.683594
505     11468.683594
506     11468.683594
507     11468.683594
508     11468.683594
509     11468.683594
510     11468.683594
511     11468.683594
512     11468.683594
513     11468.683594
514     11468.683594
515     11468.683594
516     11468.683594
517     11468.683594
518     11468.683594
519     11451.733398
520     11451.733398
521     11451.733398
522     11451.733398
523     11451.733398
524     11451.733398
525     11451.733398
526     11451.733398
527     11451.733398
528     11451.733398
529     11451.733398
530     11451.733398
531     11451.733398
532     11451.733398
533     11451.733398
534     11451.733398
535     11451.733398
536     11451.733398
537     11451.733398
538     11451.733398
539     11451.733398
540     11451.733398
541     11451.733398
542     11451.733398
543     11451.733398
544     11451.733398
545     11451.733398
546     11451.733398
547     11451.733398
548     11451.733398
549     11451.733398
550     11451.733398
551     11451.733398
552     11451.733398
553     11451.733398
554     11451.733398
555     11451.733398
556     11451.733398
557     11451.733398
558     11451.733398
559     11451.733398
560     11451.733398
561     11451.733398
562     11451.733398
563     11451.733398
564     11451.733398
565     11451.733398
566     11451.733398
567     11451.733398
568     11451.733398
569     11451.733398
570     11451.733398
571     11451.733398
572     11451.733398
573     11451.733398
574     11451.733398
575     11451.733398
576     11451.733398
577     11451.733398
578     11451.733398
579     11451.733398
580     11451.733398
581     11451.733398
582     11451.733398
583     11451.733398
584     11451.733398
585     11451.733398
586     11451.733398
587     11451.733398
588     11451.733398
589     11451.733398
590     11451.733398
591     11451.733398
592     11451.733398
593     11451.733398
594     11451.733398
595     11451.733398
596     11451.733398
597     11451.733398
598     11451.733398
599     11451.733398
600     11451.733398
601     11984.861328
602     11984.861328
603     11541.872070
604     11512.766602
605     11512.766602
606     11512.766602
607     11512.766602
608     11512.766602
609     11512.766602
610     11512.766602
611     11512.766602
612     11512.766602
613     11512.766602
614     11512.766602
615     11512.766602
616     11512.766602
617     11512.766602
618     11512.766602
619     11512.766602
620     11512.766602
621     11512.766602
622     11512.766602
623     11512.766602
624     11512.766602
625     11512.766602
626     11512.766602
627     11512.766602
628     11512.766602
629     11512.766602
630     11512.766602
631     11512.766602
632     11512.766602
633     11512.766602
634     11512.766602
635     11512.766602
636     11512.766602
637     11512.766602
638     11512.766602
639     11512.766602
640     11512.766602
641     11512.766602
642     11512.766602
643     11512.766602
644     11512.766602
645     11512.766602
646     11512.766602
647     11512.766602
648     11512.766602
649     11512.766602
650     11512.766602
651     11512.766602
652     11512.766602
653     11512.766602
654     11512.766602
655     11512.766602
656     11512.766602
657     11512.766602
658     11512.766602
659     11512.766602
660     11512.766602
661     11512.766602
662     11512.766602
663     11512.766602
664     11512.766602
665     11512.766602
666     11512.766602
667     11512.766602
668     11512.766602
669     11512.766602
670     11512.766602
671     11512.766602
672     11512.766602
673     11512.766602
674     11512.766602
675     11512.766602
676     11512.766602
677     11512.766602
678     11512.766602
679     11512.766602
680     11512.766602
681     11512.766602
682     11512.766602
683     11512.766602
684     11512.766602
685     11512.766602
686     11512.766602
687     11512.766602
688     11512.766602
689     11512.766602
690     11512.766602
691     11512.766602
692     11512.766602
693     11512.766602
694     11512.766602
695     11512.766602
696     11512.766602
697     11512.766602
698     11512.766602
699     11512.766602
700     11512.766602
701     11512.766602
702     11512.766602
703     11512.766602
704     11512.766602
705     11512.766602
706     11512.766602
707     11512.766602
708     11512.766602
709     11512.766602
710     11512.766602
711     11512.766602
712     11512.766602
713     11512.766602
714     11512.766602
715     11512.766602
716     11512.766602
717     11512.766602
718     11512.766602
719     11512.766602
720     11512.766602
721     11512.766602
722     11512.766602
723     11512.766602
724     11512.766602
725     11512.766602
726     11512.766602
727     11512.766602
728     11512.766602
729     11512.766602
730     11512.766602
731     11512.766602
732     11512.766602
733     11512.766602
734     11512.766602
735     11512.766602
736     11512.766602
737     11512.766602
738     11512.766602
739     11512.766602
740     11512.766602
741     11512.766602
742     11512.766602
743     11512.766602
744     11512.766602
745     11512.766602
746     11512.766602
747     11512.766602
748     11512.766602
749     11512.766602
750     11512.766602
751     11512.766602
752     11512.766602
753     11512.766602
754     11512.766602
755     11512.766602
756     11512.766602
757     11512.766602
758     11512.766602
759     11512.766602
760     11512.766602
761     11512.766602
762     11512.766602
763     11512.766602
764     11512.766602
765     11512.766602
766     11512.766602
767     11512.766602
768     11512.766602
769     11512.766602
770     11512.766602
771     11512.766602
772     11512.766602
773     11512.766602
774     11512.766602
775     11512.766602
776     11512.766602
777     11512.766602
778     11512.766602
779     11512.766602
780     11512.766602
781     11512.766602
782     11512.766602
783     11512.766602
784     11512.766602
785     11512.766602
786     11512.766602
787     11512.766602
788     11512.766602
789     11512.766602
790     11512.766602
791     11512.766602
792     11512.766602
793     11512.766602
794     11512.766602
795     11512.766602
796     11512.766602
797     11512.766602
798     11512.766602
799     11512.766602
800     11512.766602
800     12063.390625
801     11476.733398
802     11476.733398
803     11476.733398
804     11476.733398
805     11476.733398
806     11476.733398
807     11476.733398
808     11476.733398
809     11476.733398
810     11476.733398
811     11476.733398
812     11476.733398
813     11476.733398
814     11476.733398
815     11476.733398
816     11476.733398
817     11476.733398
818     11476.733398
819     11476.733398
820     11476.733398
821     11476.733398
822     11476.733398
823     11476.733398
824     11476.733398
825     11476.733398
826     11476.733398
827     11476.733398
828     11476.733398
829     11476.733398
830     11476.733398
831     11476.733398
832     11476.733398
833     11476.733398
834     11476.733398
835     11476.733398
836     11476.733398
837     11476.733398
838     11476.733398
839     11476.733398
840     11476.733398
841     11476.733398
842     11476.733398
843     11476.733398
844     11476.733398
845     11476.733398
846     11476.733398
847     11476.733398
848     11476.733398
849     11476.733398
850     11476.733398
851     11476.733398
852     11476.733398
853     11476.733398
854     11476.733398
855     11476.733398
856     11476.733398
857     11476.733398
858     11476.733398
859     11476.733398
860     11476.733398
861     11476.733398
862     11476.733398
863     11476.733398
864     11476.733398
865     11476.733398
866     11476.733398
867     11476.733398
868     11476.733398
869     11476.733398
870     11476.733398
871     11476.733398
872     11476.733398
873     11476.733398
874     11476.733398
875     11476.733398
876     11476.733398
877     11476.733398
878     11476.733398
879     11476.733398
880     11476.733398
881     11476.733398
882     11476.733398
883     11476.733398
884     11476.733398
885     11476.733398
886     11476.733398
887     11476.733398
888     11476.733398
889     11476.733398
890     11476.733398
891     11476.733398
892     11476.733398
893     11476.733398
894     11476.733398
895     11476.733398
896     11476.733398
897     11476.733398
898     11476.733398
899     11476.733398
900     11476.733398
901     11476.733398
902     11476.733398
903     11476.733398
904     11476.733398
905     11476.733398
906     11476.733398
907     11476.733398
908     11476.733398
909     11476.733398
910     11476.733398
911     11476.733398
912     11476.733398
913     11476.733398
914     11476.733398
915     11476.733398
916     11476.733398
917     11476.733398
918     11476.733398
919     11476.733398
920     11476.733398
921     11476.733398
922     11476.733398
923     11476.733398
924     11476.733398
925     11476.733398
926     11476.733398
927     11476.733398
928     11476.733398
929     11476.733398
930     11476.733398
931     11476.733398
932     11476.733398
933     11476.733398
934     11476.733398
935     11476.733398
936     11476.733398
937     11476.733398
938     11476.733398
939     11476.733398
940     11476.733398
941     11476.733398
942     11476.733398
943     11476.733398
944     11476.733398
945     11476.733398
946     11476.733398
947     11476.733398
948     11476.733398
949     11476.733398
950     11476.733398
951     11476.733398
952     11476.733398
953     11476.733398
954     11476.733398
955     11476.733398
956     11476.733398
957     11476.733398
958     11476.733398
959     11476.733398
960     11476.733398
961     11476.733398
962     11476.733398
963     11476.733398
964     11476.733398
965     11476.733398
966     11476.733398
967     11476.733398
968     11476.733398
969     11476.733398
970     11476.733398
971     11476.733398
972     11476.733398
973     11476.733398
974     11476.733398
975     11476.733398
976     11476.733398
977     11476.733398
978     11476.733398
979     11476.733398
980     11476.733398
981     11476.733398
982     11476.733398
983     11476.733398
984     11476.733398
985     11476.733398
986     11476.733398
987     11476.733398
988     11476.733398
989     11476.733398
990     11476.733398
991     11476.733398
992     11476.733398
993     11476.733398
994     11476.733398
995     11476.733398
996     11476.733398
997     11476.733398
998     11476.733398
999     11476.733398
1000    11476.733398